0.1259016393442623
0.13885245901639345
0.12104508196721311
0.11456967213114755
0.12104508196721311
0.12266393442622951
0.14370901639344263
0.16151639344262297
0.16961065573770492
0.1259016393442623
0.11618852459016393
0.14370901639344263
0.12266393442622951
0.11780737704918033
0.11456967213114755
0.13075819672131148
0.13075819672131148
0.1259016393442623
0.11456967213114755
0.11133196721311477
0.13723360655737704
0.11456967213114755
0.16475409836065574
0.13885245901639345
0.19065573770491806
0.12266393442622951
0.1259016393442623
0.12428278688524591
0.14856557377049182
0.16637295081967213
0.11942622950819673
0.12266393442622951
0.11942622950819673
0.11618852459016393
0.1518032786885246
0.21008196721311476
0.11942622950819673
0.11942622950819673
0.11133196721311477
0.11618852459016393
0.11780737704918033
0.19065573770491806
0.20684426229508196
0.11456967213114755
0.1469467213114754
0.13561475409836066
0.18256147540983608
0.11942622950819673
0.12752049180327868
0.11780737704918033
0.18579918032786885
0.17932377049180329
0.16151639344262297
0.12752049180327868
0.12266393442622951
0.14532786885245902
0.13561475409836066
0.13723360655737704
0.14209016393442625
0.1323770491803279
0.12266393442622951
0.21008196721311476
0.13075819672131148
0.11295081967213115
0.15504098360655738
0.14209016393442625
0.12104508196721311
0.13075819672131148
0.14532786885245902
0.16151639344262297
0.14856557377049182
0.11780737704918033
0.13561475409836066
0.12104508196721311
0.17122950819672134
0.1259016393442623
0.17284836065573772
0.1259016393442623
0.1679918032786885
0.1259016393442623
0.14047131147540984
0.1469467213114754
0.13075819672131148
0.15827868852459018
0.15827868852459018
0.1259016393442623
0.12104508196721311
0.11942622950819673
0.11780737704918033
0.1291393442622951
0.19227459016393444
0.15504098360655738
0.13885245901639345
0.14370901639344263
0.1518032786885246
0.13399590163934427
0.17122950819672134
0.1291393442622951
0.11780737704918033
0.153422131147541
0.16475409836065574
0.14209016393442625
0.13561475409836066
0.16637295081967213
0.12428278688524591
0.15665983606557377
0.20684426229508196
0.13885245901639345
0.16637295081967213
0.153422131147541
0.2262704918032787
0.16961065573770492
0.18256147540983608
0.14209016393442625
0.1518032786885246
0.14047131147540984
0.14047131147540984
0.1744672131147541
0.18256147540983608
0.18418032786885247
0.1518032786885246
0.13885245901639345
0.15665983606557377
0.13885245901639345
0.15989754098360656
0.18579918032786885
0.16475409836065574
0.16313524590163936
0.24407786885245902
0.23598360655737705
0.18256147540983608
0.26512295081967213
0.26836065573770496
0.13885245901639345
0.18579918032786885
0.3541598360655738
0.23112704918032786
0.2246516393442623
0.1679918032786885
0.14532786885245902
0.15827868852459018
0.16475409836065574
0.14370901639344263
0.1955122950819672
0.19065573770491806
0.19713114754098363
0.14209016393442625
0.14047131147540984
0.14856557377049182
0.16637295081967213
0.15827868852459018
0.1469467213114754
0.13561475409836066
0.15827868852459018
0.14856557377049182
0.14370901639344263
0.16637295081967213
0.14047131147540984
0.16961065573770492
0.15504098360655738
0.16637295081967213
0.17122950819672134
0.1501844262295082
0.153422131147541
0.18903688524590165
0.18903688524590165
0.2278893442622951
0.15504098360655738
0.17770491803278687
0.19875
0.13885245901639345
0.19875
0.16637295081967213
0.2489344262295082
0.17284836065573772
0.14047131147540984
0.16961065573770492
0.17284836065573772
0.15665983606557377
0.15827868852459018
0.23760245901639346
0.20522540983606558
0.2278893442622951
0.23598360655737705
0.15665983606557377
0.2505532786885246
0.16637295081967213
0.16313524590163936
0.1469467213114754
0.2343647540983607
0.20684426229508196
0.24569672131147544
0.24084016393442625
0.19875
0.24084016393442625
0.21655737704918032
0.19065573770491806
0.2262704918032787
0.23598360655737705
0.17932377049180329
0.20036885245901642
0.2489344262295082
0.17932377049180329
0.18579918032786885
0.1469467213114754
0.16961065573770492
0.16637295081967213
0.18256147540983608
0.1518032786885246
0.13075819672131148
0.14856557377049182
0.1323770491803279
0.13399590163934427
0.153422131147541
0.14532786885245902
0.17122950819672134
0.16637295081967213
0.13885245901639345
0.14370901639344263
0.13885245901639345
0.1518032786885246
0.15827868852459018
0.13561475409836066
0.14532786885245902
0.16475409836065574
0.16475409836065574
0.13723360655737704
0.15827868852459018
0.1323770491803279
0.1501844262295082
0.1469467213114754
0.17284836065573772
0.14532786885245902
0.14047131147540984
0.13561475409836066
0.15827868852459018
0.13723360655737704
0.14370901639344263
0.1469467213114754
0.13885245901639345
0.1501844262295082
0.14532786885245902
0.13075819672131148
0.14047131147540984
0.1469467213114754
0.14047131147540984
0.14370901639344263
0.1323770491803279
0.13075819672131148
0.13723360655737704
0.13885245901639345
0.12752049180327868
0.1469467213114754
0.1259016393442623
0.12752049180327868
0.1323770491803279
0.1291393442622951
0.13399590163934427
0.12266393442622951
0.13723360655737704
0.14047131147540984
0.15989754098360656
0.13561475409836066
0.14856557377049182
0.13885245901639345
0.1259016393442623
0.12266393442622951
0.13561475409836066
0.14532786885245902
0.13723360655737704
0.13075819672131148
0.13075819672131148
0.14856557377049182
0.13561475409836066
0.12428278688524591
0.12752049180327868
0.13561475409836066
0.1501844262295082
0.13399590163934427
0.13723360655737704
0.12266393442622951
0.1469467213114754
0.14047131147540984
0.16475409836065574
0.14047131147540984
0.14047131147540984
0.13723360655737704
0.13399590163934427
0.17770491803278687
0.13723360655737704
0.13885245901639345
0.13075819672131148
0.14532786885245902
0.13885245901639345
0.16151639344262297
0.13561475409836066
0.15989754098360656
0.1518032786885246
0.14047131147540984
0.1323770491803279
0.13723360655737704
0.17932377049180329
0.13399590163934427
0.13075819672131148
0.13561475409836066
0.1291393442622951
0.13075819672131148
0.14370901639344263
0.14209016393442625
0.13399590163934427
0.16313524590163936
0.1291393442622951
0.15989754098360656
0.1518032786885246
0.13399590163934427
0.16313524590163936
0.1469467213114754
0.15504098360655738
0.14209016393442625
0.13561475409836066
0.1469467213114754
0.14209016393442625
0.13075819672131148
0.14047131147540984
0.13723360655737704
0.13561475409836066
0.14532786885245902
0.14532786885245902
0.1501844262295082
0.13723360655737704
0.153422131147541
0.13075819672131148
0.14532786885245902
0.14209016393442625
0.14047131147540984
0.14370901639344263
0.14209016393442625
0.15504098360655738
0.15989754098360656
0.1323770491803279
0.14209016393442625
0.13885245901639345
0.13561475409836066
0.14532786885245902
0.153422131147541
0.1518032786885246
0.13561475409836066
0.1518032786885246
0.11780737704918033
0.153422131147541
0.1323770491803279
0.12104508196721311
0.1469467213114754
0.13561475409836066
0.13075819672131148
0.13723360655737704
0.14047131147540984
0.14209016393442625
0.14209016393442625
0.13885245901639345
0.15989754098360656
0.12752049180327868
0.1501844262295082
0.1259016393442623
0.13723360655737704
0.11780737704918033
0.15504098360655738
0.12752049180327868
0.14047131147540984
0.13075819672131148
0.14370901639344263
0.13075819672131148
0.12752049180327868
0.14047131147540984
0.1469467213114754
0.12266393442622951
0.13399590163934427
0.13399590163934427
0.14209016393442625
0.12428278688524591
0.13399590163934427
0.13885245901639345
0.14047131147540984
0.14856557377049182
0.1291393442622951
0.1291393442622951
0.1291393442622951
0.14370901639344263
0.11942622950819673
0.14370901639344263
0.13723360655737704
0.13723360655737704
0.15665983606557377
0.13723360655737704
0.13561475409836066
0.13723360655737704
0.12752049180327868
0.12752049180327868
0.13399590163934427
0.13399590163934427
0.12104508196721311
0.12752049180327868
0.1291393442622951
0.1291393442622951
0.14209016393442625
0.1323770491803279
0.1259016393442623
0.14532786885245902
0.13723360655737704
0.12752049180327868
0.14209016393442625
0.1259016393442623
0.13075819672131148
0.12266393442622951
0.14047131147540984
0.13075819672131148
0.14370901639344263
0.13399590163934427
0.13561475409836066
0.13075819672131148
0.14209016393442625
0.13075819672131148
0.12752049180327868
0.13399590163934427
0.13561475409836066
0.153422131147541
0.13399590163934427
0.15504098360655738
0.14370901639344263
0.13885245901639345
0.15989754098360656
0.14370901639344263
0.14209016393442625
0.1323770491803279
0.14532786885245902
0.153422131147541
0.14209016393442625
0.1259016393442623
0.1501844262295082
0.1469467213114754
0.13723360655737704
0.14856557377049182
0.1323770491803279
0.14856557377049182
0.14532786885245902
0.15827868852459018
0.1501844262295082
0.14370901639344263
0.13399590163934427
0.1469467213114754
0.12104508196721311
0.12428278688524591
0.13723360655737704
0.14209016393442625
0.12104508196721311
0.11618852459016393
0.12266393442622951
0.13399590163934427
0.12752049180327868
0.11780737704918033
0.12104508196721311
0.11780737704918033
0.13399590163934427
0.14370901639344263
0.1323770491803279
0.14370901639344263
0.14209016393442625
0.1469467213114754
0.1323770491803279
0.14047131147540984
0.1469467213114754
0.13723360655737704
0.13561475409836066
0.13075819672131148
0.1469467213114754
0.14047131147540984
0.14209016393442625
0.1469467213114754
0.15827868852459018
0.14856557377049182
0.14856557377049182
0.1518032786885246
0.11942622950819673
0.13561475409836066
0.15504098360655738
0.15504098360655738
0.14532786885245902
0.1469467213114754
0.1679918032786885
0.15827868852459018
0.15989754098360656
0.18741803278688526
0.14856557377049182
0.17122950819672134
0.14856557377049182
0.1518032786885246
0.17770491803278687
0.153422131147541
0.16313524590163936
0.1469467213114754
0.15827868852459018
0.16313524590163936
0.15989754098360656
0.16475409836065574
0.14856557377049182
0.153422131147541
0.17932377049180329
0.17770491803278687
0.16637295081967213
0.18579918032786885
0.23274590163934428
0.18418032786885247
0.16313524590163936
0.17770491803278687
0.23760245901639346
0.18256147540983608
0.21979508196721312
0.1744672131147541
0.17770491803278687
0.1679918032786885
0.23598360655737705
0.16475409836065574
0.15665983606557377
0.16961065573770492
0.16313524590163936
0.18256147540983608
0.17770491803278687
0.18256147540983608
0.19065573770491806
0.17122950819672134
0.1809426229508197
0.18579918032786885
0.21979508196721312
0.19875
0.21008196721311476
0.18579918032786885
0.21655737704918032
0.2019877049180328
0.21008196721311476
0.20036885245901642
0.21170081967213117
0.19875
0.18903688524590165
0.1955122950819672
0.2246516393442623
0.2343647540983607
0.3201639344262295
0.28454918032786886
0.2489344262295082
0.24407786885245902
0.3007377049180328
0.2958811475409836
0.35739754098360654
0.2489344262295082
0.3865368852459017
0.33311475409836067
0.8495286885245902
0.4383401639344262
0.46747950819672135
0.5209016393442623
0.7443032786885246
0.4262559809082069
0.44304363576949285
0.46583848019047247
0.45430749769503764
0.546180026077608
0.600734908711281
0.5118315860123183
0.5480151545650793
0.689022671870958
0.6488929246644604
0.6635716616669676
0.6658781946403921
0.4687795451915013
0.7928688524590164
0.45776639344262293
0.6746926229508197
0.8009631147540983
0.5647791301018635
0.8090573770491803
0.5610447394114175
0.8220081967213115
0.6568852459016393
0.4540065036539273
0.8511475409836066
0.585836302834795
0.5877733895948404
0.6395024839555168
0.6527749576114505
0.7556352459016393
0.745922131147541
0.6925
0.5036285994062885
0.6017460235802282
0.6277459016393443
0.6730737704918033
0.5206945455054324
0.4948378634036133
0.6416346510711006
0.5946488897222117
0.8742491359017361
0.7359465718485372
0.8412082810064989
0.7744388358859045
0.7517413130703716
0.8556653003254662
0.8414344262295081
0.7070696721311475
0.775061475409836
0.8964754098360656
0.8329669106849211
0.881905737704918
0.6439344262295081
0.5678483606557377
0.609938524590164
0.6034631147540983
0.4480532786885246
0.45776639344262293
0.45452868852459016
0.4820491803278688
0.4593852459016393
0.4367213114754098
0.45776639344262293
0.44643442622950824
0.449672131147541
0.43186475409836067
0.495
0.4804303278688524
0.5063319672131148
0.5743237704918033
0.4804303278688524
0.44481557377049186
0.39139344262295084
0.39625
0.42538934426229513
0.39625
0.39139344262295084
0.43186475409836067
0.41405737704918033
0.3832991803278688
0.4059631147540984
0.44319672131147547
0.4302459016393443
0.3832991803278688
0.34282786885245903
0.34606557377049185
0.37034836065573773
0.35577868852459016
0.39139344262295084
0.3735860655737705
0.404344262295082
0.39625
0.3654918032786886
0.39948770491803276
0.38006147540983615
0.42538934426229513
0.3752049180327869
0.41081967213114756
0.3590163934426229
0.3719672131147541
0.39139344262295084
0.3849180327868853
0.3832991803278688
0.44643442622950824
0.38815573770491807
0.3590163934426229
0.3654918032786886
0.37034836065573773
0.3606352459016394
0.4383401639344262
0.4059631147540984
0.4270081967213115
0.4075819672131148
0.39948770491803276
0.37034836065573773
0.37682377049180327
0.43186475409836067
0.3525409836065574
0.3719672131147541
0.35577868852459016
0.3654918032786886
0.4383401639344262
0.44481557377049186
0.42538934426229513
0.41081967213114756
0.38977459016393445
0.4172950819672131
0.4270081967213115
0.404344262295082
0.41081967213114756
0.39139344262295084
0.36872950819672135
0.36711065573770496
0.3493032786885246
0.33635245901639343
0.33311475409836067
0.3314959016393443
0.34444672131147547
0.3379713114754099
0.38168032786885253
0.3654918032786886
0.3654918032786886
0.36711065573770496
0.35577868852459016
0.3654918032786886
0.4156762295081967
0.42215163934426236
0.4075819672131148
0.3719672131147541
0.4189139344262295
0.43186475409836067
0.3930122950819672
0.4156762295081967
0.3606352459016394
0.38006147540983615
0.3832991803278688
0.420532786885246
0.45776639344262293
0.46909836065573773
0.4869057377049181
0.5306147540983607
0.4804303278688524
0.47881147540983615
0.48852459016393446
0.4933811475409836
0.4642418032786886
0.5451844262295082
0.5387090163934426
0.5354713114754098
0.5629918032786885
0.5872745901639345
0.5759426229508198
0.5063319672131148
0.5468032786885246
0.4966188524590164
0.5419467213114755
0.49985655737704915
0.5759426229508198
0.5241393442622951
0.5387090163934426
0.4869057377049181
0.5306147540983607
0.5953688524590164
0.8106762295081967
0.5435655737704919
0.5387090163934426
0.5144262295081967
0.46586065573770497
0.5128073770491803
0.49823770491803276
0.548422131147541
0.6196516393442623
0.8673360655737705
0.870304862927308
0.5743237704918033
0.5856557377049181
0.6455532786885246
0.8106762295081967
0.5370901639344262
0.5532786885245902
0.5678483606557377
0.5710860655737705
0.5694672131147541
0.4933811475409836
0.5160450819672131
0.5370901639344262
0.5629918032786885
0.5597540983606558
0.6536475409836066
0.6358401639344262
0.6439344262295081
0.5969877049180328
0.5888934426229508
0.6115573770491803
0.5241393442622951
0.5306147540983607
0.6245081967213114
0.6196516393442623
0.7604918032786885
0.7054508196721312
0.5872745901639345
0.8786680327868852
0.8867622950819671
0.548422131147541
0.5063319672131148
0.5354713114754098
0.5727049180327869
0.5840368852459017
0.47719262295081977
0.5160450819672131
0.511188524590164
0.4383401639344262
0.420532786885246
0.4626229508196722
0.4512909836065574
0.441577868852459
0.47719262295081977
0.42538934426229513
0.45452868852459016
0.5354713114754098
0.5516598360655738
0.511188524590164
0.4723360655737705
0.4739549180327869
0.45776639344262293
0.47557377049180327
0.45776639344262293
0.4820491803278688
0.46909836065573773
0.4933811475409836
0.5273770491803279
0.5370901639344262
0.4836680327868853
0.4804303278688524
0.47881147540983615
0.5095696721311476
0.46747950819672135
0.503094262295082
0.41081967213114756
0.42538934426229513
0.42215163934426236
0.40272540983606564
0.4059631147540984
0.3865368852459017
0.3735860655737705
0.36872950819672135
0.34282786885245903
0.3525409836065574
0.36711065573770496
0.3525409836065574
0.3735860655737705
0.40272540983606564
0.3493032786885246
0.3654918032786886
0.34282786885245903
0.33635245901639343
0.3606352459016394
0.3752049180327869
0.350922131147541
0.3379713114754099
0.3298770491803279
0.32663934426229513
0.33635245901639343
0.32663934426229513
0.350922131147541
0.3169262295081967
0.3493032786885246
0.34120901639344264
0.34282786885245903
0.3590163934426229
0.35577868852459016
0.37844262295081965
0.34768442622950824
0.37844262295081965
0.38168032786885253
0.3946311475409836
0.37034836065573773
0.4270081967213115
0.37844262295081965
0.39625
0.42377049180327875
0.404344262295082
0.3946311475409836
0.38168032786885253
0.4075819672131148
0.3930122950819672
0.41405737704918033
0.37682377049180327
0.3849180327868853
0.36872950819672135
0.37844262295081965
0.38815573770491807
0.38815573770491807
0.4075819672131148
0.38977459016393445
0.3946311475409836
0.4075819672131148
0.37844262295081965
0.3638729508196722
0.34282786885245903
0.36872950819672135
0.3638729508196722
0.3654918032786886
0.3525409836065574
0.34768442622950824
0.3654918032786886
0.34282786885245903
0.3169262295081967
0.3379713114754099
0.38168032786885253
0.3606352459016394
0.35739754098360654
0.37034836065573773
0.3719672131147541
0.350922131147541
0.3541598360655738
0.36711065573770496
0.36872950819672135
0.4156762295081967
0.39139344262295084
0.3849180327868853
0.3849180327868853
0.44319672131147547
0.37844262295081965
0.38006147540983615
0.38168032786885253
0.37682377049180327
0.3832991803278688
0.47557377049180327
0.4059631147540984
0.4075819672131148
0.35739754098360654
0.44319672131147547
0.3946311475409836
0.3752049180327869
0.3622540983606557
0.3832991803278688
0.3930122950819672
0.4156762295081967
0.39625
0.35577868852459016
0.3865368852459017
0.37034836065573773
0.3930122950819672
0.34444672131147547
0.34444672131147547
0.350922131147541
0.37034836065573773
0.34120901639344264
0.37682377049180327
0.3525409836065574
0.4075819672131148
0.4383401639344262
0.4593852459016393
0.46586065573770497
0.4189139344262295
0.4399590163934426
0.4156762295081967
0.49823770491803276
0.5872745901639345
0.495
0.83172131147541
0.7859590252965951
0.6455532786885246
0.7516221850748506
0.647172131147541
0.6795491803278688
0.8781557424838786
0.7358460474067073
0.7815368852459017
0.8220081967213115
0.9013319672131147
0.7281147540983607
0.7507786885245902
0.710046374034512
0.8139139344262296
0.6439344262295081
0.7313524590163935
0.5451844262295082
0.6730737704918033
0.6585040983606557
0.6811680327868852
0.844672131147541
0.8768795368610895
0.5986065573770493
0.59375
0.7653483606557376
0.8236270491803278
0.8851434426229509
0.8673671065554192
0.7761073441513311
0.7066704562376175
0.8673360655737705
0.7408217700042617
0.8228100551777396
0.7707550750818133
0.8252459016393443
0.6795491803278688
0.6050819672131148
0.7847745901639345
0.7507786885245902
0.7881342824082602
0.8738114754098361
0.8733371030285279
0.6245081967213114
0.5419467213114755
0.5888934426229508
0.8835245901639345
0.5548975409836066
0.47557377049180327
0.3752049180327869
0.39139344262295084
0.3930122950819672
0.4172950819672131
0.45776639344262293
0.38168032786885253
0.4529098360655738
0.42538934426229513
0.45776639344262293
0.39948770491803276
0.4593852459016393
0.449672131147541
0.4189139344262295
0.4642418032786886
0.5128073770491803
0.6147950819672131
0.6423155737704919
0.676311475409836
0.8089118946323082
0.7281147540983607
0.7928688524590164
0.737827868852459
0.8129927913789307
0.8277736234529431
0.7880122950819672
0.5710860655737705
0.8139139344262296
